0.748735
0.731872
0.883642
1.035413
0.951096
0.934233
0.546374
0.833052
0.698145
0.731872
1.001686
1.136594
1.102867
0.765599
1.102867
0.799325
0.951096
0.596965
1.220911
1.052277
0.799325
0.529511
0.731872
0.866779
0.782462
0.698145
0.951096
0.782462
0.799325
0.748735
0.748735
0.934233
0.816189
0.546374
0.698145
1.035413
0.765599
0.833052
0.967960
0.799325
0.731872
0.816189
0.967960
0.816189
1.069140
0.782462
0.900506
0.951096
1.136594
0.698145
0.900506
0.866779
0.630691
0.765599
0.917369
0.141653
0.715008
0.917369
0.731872
0.849916
0.833052
0.782462
1.102867
0.782462
0.647555
0.715008
0.934233
0.799325
0.849916
0.799325
0.748735
0.934233
0.883642
0.563238
0.833052
0.715008
0.731872
0.715008
1.052277
0.866779
0.782462
0.664418
0.647555
0.816189
1.237774
0.681282
0.900506
1.153457
0.765599
0.934233
0.849916
1.086003
0.715008
0.630691
0.866779
0.833052
0.900506
0.765599
0.816189
0.816189
0.849916
0.782462
1.086003
0.731872
0.799325
0.715008
0.816189
0.799325
0.681282
0.715008
0.833052
0.647555
0.765599
0.866779
0.866779
1.069140
1.187184
1.086003
0.816189
1.001686
0.833052
0.883642
1.069140
0.883642
0.816189
0.849916
0.765599
0.630691
0.799325
0.866779
0.967960
0.951096
0.951096
0.917369
0.900506
0.715008
0.883642
1.136594
0.782462
0.917369
1.069140
0.849916
0.917369
1.001686
0.664418
0.613828
0.647555
1.069140
0.748735
1.187184
