0.691848754882812500 -0.468818664550781250
0.676528930664062500 -0.407405853271484375
0.647262573242187500 -0.348754882812500000
0.606540679931640625 -0.294349670410156250
0.557518005371093750 -0.245235443115234375
0.503532409667968750 -0.201965332031250000
0.447673797607421875 -0.164661407470703125
0.392528533935546875 -0.133098602294921875
0.340034484863281250 -0.106811523437500000
0.291492462158203125 -0.085201263427734375
0.247631072998046875 -0.067634582519531250
0.208751678466796875 -0.053474426269531250
0.174808502197265625 -0.042148590087890625
0.145549774169921875 -0.033134460449218750
0.120594024658203125 -0.025997161865234375
0.099494934082031250 -0.020362854003906250
0.081783294677734375 -0.015930175781250000
0.067008972167968750 -0.012451171875000000
0.054748535156250000 -0.009723663330078125
0.044620513916015625 -0.007591247558593750
0.036281585693359375 -0.005920410156250000
0.029445648193359375 -0.004619598388671875
0.023853302001953125 -0.003601074218750000
0.019290924072265625 -0.002807617187500000
0.015579223632812500 -0.002189636230468750
0.012561798095703125 -0.001705169677734375
0.010120391845703125 -0.001327514648437500
0.008140563964843750 -0.001037597656250000
0.006542205810546875 -0.000808715820312500
0.005252838134765625 -0.000629425048828125
0.004211425781250000 -0.000492095947265625
0.000000000000000000 0.000000000000000000