0.000000 0.000000
0.000004 0.000000
0.000006 0.000000
0.000010 0.000001
0.000016 0.000001
0.000025 0.000002
0.000040 0.000003
0.000063 0.000005
0.000101 0.000008
0.000159 0.000013
0.000252 0.000021
0.000398 0.000035
0.000627 0.000058
0.000985 0.000096
0.001545 0.000158
0.002415 0.000261
0.003766 0.000430
0.005851 0.000709
0.009054 0.001168
0.013946 0.001923
0.021358 0.003163
0.032483 0.005193
0.048971 0.008504
0.072993 0.013866
0.107163 0.022449
0.154111 0.035934
0.215396 0.056476
0.289430 0.086258
0.368773 0.126129
0.439081 0.173105
0.484243 0.217895
0.499357 0.246134
0.500643 0.246134
0.515757 0.217895
0.560919 0.173105
0.631227 0.126129
0.710570 0.086258
0.784604 0.056476
0.845889 0.035934
0.892837 0.022449
0.927007 0.013866
0.951029 0.008504
0.967517 0.005193
0.978642 0.003163
0.986054 0.001923
0.990946 0.001168
0.994149 0.000709
0.996234 0.000430
0.997585 0.000261
0.998455 0.000158
0.999015 0.000096
0.999373 0.000058
0.999602 0.000035
0.999748 0.000021
0.999841 0.000013
0.999899 0.000008
0.999937 0.000005
0.999960 0.000003
0.999975 0.000002
0.999984 0.000001
0.999990 0.000001
0.999994 0.000000
0.999996 0.000000
1.000000 0.000000