0.000000 0.000000
0.004206 0.000488
0.005243 0.000626
0.006529 0.000803
0.008121 0.001031
0.010092 0.001323
0.012524 0.001698
0.015523 0.002178
0.019210 0.002793
0.023735 0.003581
0.029272 0.004588
0.036026 0.005876
0.044236 0.007520
0.054174 0.009614
0.066144 0.012277
0.080477 0.015653
0.097518 0.019919
0.117610 0.025284
0.141057 0.031991
0.168076 0.040316
0.198739 0.050551
0.232880 0.062984
0.270010 0.077857
0.309219 0.095308
0.349123 0.115285
0.387874 0.137451
0.423305 0.161085
0.453231 0.185018
0.475911 0.207653
0.490577 0.227092
0.497863 0.241413
0.499919 0.249026
0.500081 0.249026
0.502137 0.241413
0.509423 0.227092
0.524089 0.207653
0.546769 0.185018
0.576695 0.161085
0.612126 0.137451
0.650877 0.115285
0.690781 0.095308
0.729990 0.077857
0.767120 0.062984
0.801261 0.050551
0.831924 0.040316
0.858943 0.031991
0.882390 0.025284
0.902482 0.019919
0.919523 0.015653
0.933856 0.012277
0.945826 0.009614
0.955764 0.007520
0.963974 0.005876
0.970728 0.004588
0.976265 0.003581
0.980790 0.002793
0.984477 0.002178
0.987476 0.001698
0.989908 0.001323
0.991879 0.001031
0.993471 0.000803
0.994757 0.000626
0.995794 0.000488
1.000000 0.000000